56641 1
-63127 1
5251 0
-75282 0
14216 1
91034 1
-34098 1
-71668 1
-28860 0
46924 1
-52211 1
68687 1
55324 0
-98695 0
82586 0
95252 1
-37913 0
26039 0
3404 0
31716 0
82374 0
54490 0
7872 1
89338 1
-28675 1
8858 1
57545 1
28513 0
-4300 0
-18950 0
59781 1
36189 1
-45450 1
81341 0
-28389 0
49735 1
-88935 1
-36531 1
30636 0
-46645 0
44630 0
75940 0
-3581 0
93286 1
-53639 0
86102 0
-41340 1
67971 1
-26445 1
78871 1
91837 0
12241 1
-19288 1
-4241 0
98809 1
16136 0
-3997 1
-74597 0
-42065 0
59116 1
-17016 0
97021 0
-8489 0
-24624 0
-79390 0
-56190 0
-53774 1
-48616 0
73336 0
78930 0
40810 1
-71546 0
-35532 0
41522 1
-63199 0
81575 1
-80412 1
5989 1
-71544 0
-39091 0
96466 1
41983 1
75953 1
45567 0
-85745 1
58638 1
-3292 0
29349 0
56760 0
-12107 1
-55523 0
-78577 1
-39857 0
-69587 0
77448 1
91265 1
27867 0
-14363 0
82649 0
95626 0
12967 1
-54220 1
55518 0
78800 1
44260 1
-72492 1
53934 1
-22621 1
-74446 1
17165 1
46075 0
4037 1
71970 0
-22481 1
76095 1
94614 1
-2398 1
93595 0
72814 1
17572 0
44976 1
-97069 1
-96579 1
-44064 0
58758 1
-11266 1
52121 1
-32831 0
55561 0
-69379 1
-36029 0
-59370 1
-20480 0
-16749 1
-29970 1
-51416 1
-71213 0
-59352 1
96120 0
88849 1
70801 0
44199 0
-47040 1
-87890 0
-14426 0
50763 1
-35539 0
-86955 1
-48637 0
16286 1
40990 1
-99766 0
-49293 0
-28812 0
-34603 0
-22837 1
-66440 0
-59165 1
-84918 1
32114 0
46879 0
5124 0
-59104 1
-93954 1
-94257 0
27209 0
-48408 0
-23702 0
-18366 1
-83072 1
92357 1
77392 0
-42610 1
34297 1
94620 0
4565 1
-4862 1
-63168 0
17310 0
-61787 1
29571 1
-93979 1
-99044 0
55954 0
-35262 1
-64956 0
45737 0
36635 0
-86399 1
65713 1
-76992 0
-84084 1
-83900 0
-4736 1
4972 1
-4816 1
19568 1
66902 1
14524 0
-43295 1
92308 0
-35926 1
99939 0
85906 1
64930 0
-7439 1
-34449 1
29722 0
25770 0
-63975 1
